Value Iteration: 

Policy: [3, 3, 3, 1, 3, 3, 3, 1, 1, 3, 3, 1, 3, 3, 3, 0, 0]
V: [60.62388836,   66.03486523,   71.80422632,   77.09196339,
	59.81429704,   65.18237783,   77.83066489,   84.14118981,
	58.09361039,    7.98780239,   84.86704922,   91.78159355,
	69.49584217,   76.80962081,   91.78159355,  100.        ,    0.        ]
nIterations: 20

=============================================================================

Policy Iteration:

Policy: [3, 3, 3, 1, 3, 3, 3, 1, 1, 3, 3, 1, 3, 3, 3, 0, 0]
V: [60.63256172,   66.03897428,   71.8062328 ,   77.09295576,
	59.81945165,   65.18457679,   77.83151901,   84.14149059,
	58.0955782 ,    7.98862928,   84.86730581,   91.78165089,
	69.4968138 ,   76.80991653,   91.78165089,  100.        ,    0.        ]
nIterations: 5

=============================================================================

Modified Policy Iteration:

nEvalIterations: 1
Policy: [3, 3, 3, 1, 3, 3, 3, 1, 1, 3, 3, 1, 3, 3, 3, 0, 0]
V: [60.63256172,   66.03897428,   71.8062328 ,   77.09295576,
	59.81945165,   65.18457679,   77.83151901,   84.14149059,
	58.0955782 ,    7.98862928,   84.86730581,   91.78165089,
	69.4968138 ,   76.80991653,   91.78165089,  100.        ,    0.        ]
nIterations: 5 

nEvalIterations: 2
Policy: [3, 3, 3, 1, 3, 3, 3, 1, 1, 3, 3, 1, 3, 3, 3, 0, 0]
V: [60.63256172,   66.03897428,   71.8062328 ,   77.09295576,
	59.81945165,   65.18457679,   77.83151901,   84.14149059,
	58.0955782 ,    7.98862928,   84.86730581,   91.78165089,
	69.4968138 ,   76.80991653,   91.78165089,  100.        ,    0.        ]
nIterations: 3

nEvalIterations: 3
Policy: [3, 3, 3, 1, 3, 3, 3, 1, 1, 3, 3, 1, 3, 3, 3, 0, 0]
V: [60.63256172,   66.03897428,   71.8062328 ,   77.09295576,
	59.81945165,   65.18457679,   77.83151901,   84.14149059,
	58.0955782 ,    7.98862928,   84.86730581,   91.78165089,
	69.4968138 ,   76.80991653,   91.78165089,  100.        ,    0.        ]
nIterations: 2

nEvalIterations: 4
Policy: [3, 3, 3, 1, 3, 3, 3, 1, 1, 3, 3, 1, 3, 3, 3, 0, 0]
V: [60.63256172,   66.03897428,   71.8062328 ,   77.09295576,
	59.81945165,   65.18457679,   77.83151901,   84.14149059,
	58.0955782 ,    7.98862928,   84.86730581,   91.78165089,
	69.4968138 ,   76.80991653,   91.78165089,  100.        ,    0.        ]
nIterations: 2

nEvalIterations: 5
Policy: [3, 3, 3, 1, 3, 3, 3, 1, 1, 3, 3, 1, 3, 3, 3, 0, 0]
V: [60.63256172,   66.03897428,   71.8062328 ,   77.09295576,
	59.81945165,   65.18457679,   77.83151901,   84.14149059,
	58.0955782 ,    7.98862928,   84.86730581,   91.78165089,
	69.4968138 ,   76.80991653,   91.78165089,  100.        ,    0.        ]
nIterations: 1

nEvalIterations: 6
Policy: [3, 3, 3, 1, 3, 3, 3, 1, 1, 3, 3, 1, 3, 3, 3, 0, 0]
V: [60.63256172,   66.03897428,   71.8062328 ,   77.09295576,
	59.81945165,   65.18457679,   77.83151901,   84.14149059,
	58.0955782 ,    7.98862928,   84.86730581,   91.78165089,
	69.4968138 ,   76.80991653,   91.78165089,  100.        ,    0.        ]
nIterations: 1

nEvalIterations: 7
Policy: [3, 3, 3, 1, 3, 3, 3, 1, 1, 3, 3, 1, 3, 3, 3, 0, 0]
V: [60.63256172,   66.03897428,   71.8062328 ,   77.09295576,
	59.81945165,   65.18457679,   77.83151901,   84.14149059,
	58.0955782 ,    7.98862928,   84.86730581,   91.78165089,
	69.4968138 ,   76.80991653,   91.78165089,  100.        ,    0.        ]
nIterations: 1

nEvalIterations: 8
Policy: [3, 3, 3, 1, 3, 3, 3, 1, 1, 3, 3, 1, 3, 3, 3, 0, 0]
V: [60.63256172,   66.03897428,   71.8062328 ,   77.09295576,
	59.81945165,   65.18457679,   77.83151901,   84.14149059,
	58.0955782 ,    7.98862928,   84.86730581,   91.78165089,
	69.4968138 ,   76.80991653,   91.78165089,  100.        ,    0.        ]
nIterations: 1

nEvalIterations: 9
Policy: [3, 3, 3, 1, 3, 3, 3, 1, 1, 3, 3, 1, 3, 3, 3, 0, 0]
V: [60.63256172,   66.03897428,   71.8062328 ,   77.09295576,
	59.81945165,   65.18457679,   77.83151901,   84.14149059,
	58.0955782 ,    7.98862928,   84.86730581,   91.78165089,
	69.4968138 ,   76.80991653,   91.78165089,  100.        ,    0.        ]
nIterations: 1

nEvalIterations: 10
Policy: [3, 3, 3, 1, 3, 3, 3, 1, 1, 3, 3, 1, 3, 3, 3, 0, 0]
V: [60.63256172,   66.03897428,   71.8062328 ,   77.09295576,
	59.81945165,   65.18457679,   77.83151901,   84.14149059,
	58.0955782 ,    7.98862928,   84.86730581,   91.78165089,
	69.4968138 ,   76.80991653,   91.78165089,  100.        ,    0.        ]
nIterations: 1
