epsilon=0.05

[[  -1.89126308    0.16492842    3.99021578    2.06557787   -1.63988434
     3.78812848    5.77617591    5.54661003   -6.04889585  -54.50376816
     8.74328347   20.1094772    -0.99174737  -12.09104194   12.85820273
   104.40009503    0.90432783]
 [  -1.77432694    0.59383377   23.25768082   26.21177299   -1.75887485
   -16.38277364   33.93810775   56.48391747   -5.04877787  -52.08151867
    27.9766622    90.08928669   -0.49978188    2.73548575   11.15017985
    61.80233257    0.92353034]
 [  -1.92005688   -1.25028664    1.32580922    5.14336592   -2.14048109
    -5.57490304    3.98141121   12.95412724   -2.34195547  -54.80507623
   -17.86007014   29.73059441   -1.02938769   -3.28228338    5.11652393
    60.79782163    0.90080199]
 [   3.7532199    12.26133097    9.52534167    3.17572204    1.17600897
     4.42946377   27.48571548   13.89511016  -16.68678725  -38.65174084
    57.58940545   38.48946629    6.00247063   21.32160399   74.48975718
    68.25931082    0.92429761]]
[3 3 1 1 3 3 1 1 2 3 3 1 3 3 3 0 3]
[-220.40774252 -128.62052296  -34.95809529    3.51577682   15.4681867
   26.95380806   45.75261584   49.00805471   45.45481644   62.6154054
   59.66014642   60.73330059   69.9170697    65.12558382   71.63377729
   68.98090589   68.20282252   66.93916765   74.09363162   80.90804462
   78.9075037    79.18478706   79.68510861   78.07282549   80.87577117
   79.34959846   80.01604982   78.25843481   82.60946587   78.01522185
   77.14436469   80.62636563   84.92028989   82.45464639   82.99231209
   81.84364556   85.79566119   79.81601029   73.61850917   85.28218662
   82.6540207    83.68306896   85.12117605   83.63103857   82.23632931
   82.0230658    83.98228811   88.83611356   86.50757912   82.71437973
   83.78889791   85.49929465   85.41156152   84.79238122   85.85780323
   81.93759282   85.96269267   84.30396143   86.17509733   80.17968053
   88.4045315    86.78888825   80.35238523   85.4292511    85.3935525
   88.50472834   86.09620457   85.58747387   82.75380424   83.2044973
   87.52921394   86.34668567   87.89526943   84.48024288   86.34248421
   87.17321298   85.76850706   85.68501257   86.70504049   86.96350065
   88.77750449   86.50815691   90.30826088   86.31708723   86.91549034
   88.9232043    89.51144737   84.00387199   80.84522402   85.88900577
   86.47719162   87.8122893    82.95712926   82.48630667   82.61524109
   85.67034419   88.62728557   85.39652236   84.05442572   84.65296593
   89.05586844   85.59984235   88.57841087   84.41724577   86.31050973
   86.95511148   84.94002679   84.32912489   84.5405302    86.58137007
   86.03811573   85.61406468   84.44780175   87.86741432   88.28011136
   88.9995484    86.71233028   86.25533653   87.83210204   82.45764578
   85.51946399   89.17641906   90.14098788   88.904683     87.21178042
   86.96755642   85.36816      81.18791195   87.97904637   82.97665682
   87.16408879   89.71972067   87.7939609    83.63564873   87.75739101
   89.93634918   88.58365556   86.44030637   85.81452657   84.13587516
   85.70955091   84.85080053   80.91812827   83.73893503   82.52770347
   83.70182017   87.64515743   87.10676357   85.32548157   88.62980917
   81.99710434   85.55834835   88.92108699   87.16752426   89.93409129
   85.24205517   86.15734125   83.7925789    85.29352688   87.14963406
   89.82884134   86.48278309   88.16574064   86.33349324   86.98516503
   90.07408442   86.9851243    86.05765592   84.55398102   88.04376577
   90.26478138   87.39795714   84.00865857   85.91718024   86.14088326
   86.08941308   86.72422399   91.38339509   81.70028956   83.61711623
   82.81096199   87.44687072   82.6772648    78.61632089   87.6977095
   90.10102871   86.8946674    87.42672334   82.64475536   88.94012094
   85.17536689   86.29076486   87.41208221   81.08317481   88.23341324
   86.89718976   86.23713078   88.13859499   86.74079761   85.77637837]




   [[  -1.96163436   -0.23368475    2.7971344     2.18727198   -1.75676088
     2.75709594    4.23371184    5.71331046   -5.80723146  -54.27908914
     7.73152643   18.73544793   -1.38057668  -10.87640191   13.57865359
   103.13129307    1.09142509]
 [  -1.08802054    1.20433772   20.8420685    23.20892505   -1.7723092
   -15.60429345   36.24216089   52.93786666   -4.79432898  -50.35972097
    31.43194308   86.14551464   -1.24733123    2.57785351   14.90682951
    69.98503794    1.10989886]
 [  -2.00800026   -1.38303066    1.9399718     4.9415222    -2.08390837
    -4.99146621    3.48771849   15.16343988   -2.18444608  -54.8077551
   -14.41053882   33.52060686   -1.33038887   -4.0553441     6.09351269
    66.26338399    1.11177444]
 [   3.10769963   11.04999309    9.40661362    2.1028803     2.21774546
     7.16597347   23.23280541   11.93761755  -16.97924716  -38.10622107
    57.23912231   38.60025586    6.26513592   24.12911442   76.81465871
    69.54404435    1.12861817]]
[3 3 1 1 3 3 1 1 2 3 3 1 3 3 3 0 3]
[-236.81171046 -109.7411866   -52.86544876   -9.33534017   31.36886396
   35.8901369    45.36583028   55.24970912   51.86743112   55.29609788
   67.22371899   73.10077843   69.29074538   66.86915431   66.13604036
   70.02958266   78.93680726   70.85807527   78.57589619   73.65582139
   85.14249832   80.48125158   83.91085237   74.76965368   78.66295217
   76.54448597   74.54547194   82.47319953   84.52629119   83.36478774
   79.95987985   81.3110356    85.65852315   79.57022106   81.10782434
   79.73540005   82.76194054   83.57082525   78.29787809   81.02959603
   82.15628932   85.14488897   80.62790071   83.88610017   79.86003588
   80.35967339   82.66401763   85.92474484   87.96828749   83.44845747
   81.08880024   85.4163462    82.77829213   81.17358525   85.33333838
   83.02929091   85.83364319   84.08497012   83.96606092   87.60109572
   87.07405109   78.57030067   83.05686173   84.98781647   88.60051998
   85.37593924   80.7548521    83.30693903   83.96338694   79.8517815
   87.3477016    88.49236507   79.79379302   81.62821193   85.36881177
   89.50077897   84.92777283   82.87794216   80.78631975   84.34828663
   86.3112824    86.7857784    87.13978023   85.94434904   76.30368974
   80.33519509   89.70029619   86.00212345   85.61400254   89.97038952
   85.25341385   81.24878303   86.46881345   86.16067631   82.63618193
   84.04929059   84.15645672   84.74589447   83.3082424    86.04324043
   82.67679938   85.96195125   83.76495486   81.96293772   86.16900401
   85.18002462   84.71203079   87.39210546   83.20003291   86.65926368
   87.82522319   83.79610411   82.26262898   84.02163625   85.01472814
   87.02738368   83.35737309   87.70649188   82.44229847   88.9844267
   85.56362756   82.83267207   85.14371537   85.69222822   84.84903815
   81.86231833   85.15042703   85.95693322   86.31381247   83.77864313
   86.66026373   86.22701043   83.92541372   84.64256187   90.06472446
   86.89871297   80.0643129    85.64612439   85.14325701   85.622271
   84.37135645   88.68999837   88.32825056   80.44602474   88.88279954
   85.66247755   87.78697368   84.66358824   87.00750969   87.46780281
   86.89055533   82.40823414   89.545198     84.07680265   82.85878818
   82.01981734   88.1961014    84.2028784    88.8908594    84.87521959
   88.34432835   85.93665156   83.07106097   86.23522994   83.75662427
   89.22042605   85.79264213   81.33952919   84.22737633   85.7374347
   81.73339926   81.60260576   85.31398094   83.17128681   85.89198744
   84.86163266   90.35965892   84.03374607   90.20123066   84.41363959
   84.16251032   80.11007266   84.10306493   85.89246273   85.08193895
   86.23316609   85.49617399   85.34425001   85.80858376   85.17020924
   86.70190334   84.66073095   81.46585627   81.01503382   80.8631876
   88.02808669   82.64537775   84.22814      86.06432318   87.27302129]


[[  -1.4824551     1.36955674    5.26343775    4.12464937   -1.34269951
     4.34472615    8.35591553   11.36886223   -5.82874076  -55.4603678
    13.33010538   31.08816854   -0.68206825  -12.61020128   21.48883925
   103.17016569    1.19723711]
 [  -1.07372468    2.14689698   23.56842006   30.92161375   -1.31695363
   -17.33144085   37.82251255   60.50574565   -4.18654788  -51.13062037
    37.11526339   88.51070719   -0.13598509    4.44462841   23.78237038
    81.87451731    1.19981877]
 [  -1.65391968   -0.6484609     3.03765484    5.03038857   -1.82590078
    -4.90486724    5.08882492   17.90504411   -2.03488503  -55.95635514
   -19.44527583   37.74655302   -0.51295954   -2.39106564   12.82851074
    85.33702369    1.21716464]
 [   3.98688023   12.06841373   11.48200363    4.15992302    1.42613889
     8.02267737   30.6223373    20.39184369  -19.32429168  -38.26545626
    57.55257732   46.18423592    8.19040256   29.93185488   76.41978913
    84.57106084    1.22118652]]
[3 3 1 1 3 3 1 1 2 3 3 1 3 3 3 0 3]
[-231.38849592 -134.29235177  -52.07029515   -8.33866683   10.07052811
   37.20370179   42.02232001   46.64179693   42.82553673   61.2107226
   61.12329439   69.91605014   69.10504598   69.85232624   67.34445988
   61.36229232   61.01594627   68.77243746   68.96039339   76.1254413
   82.57620568   75.34686479   76.32053387   78.3386268    78.91304362
   76.20399503   77.35957122   82.42221718   78.88003368   76.59517914
   81.45693112   78.550997     82.6422518    76.19921732   80.36966739
   79.22589592   83.30690312   83.47380121   84.70342762   83.95321432
   82.43581687   83.15408901   81.94221948   79.00585379   84.47456077
   82.43726      83.10738925   82.56602362   85.86760652   85.93194258
   83.0664963    79.55924475   82.799526     78.70433896   83.85992779
   84.76758386   88.05560919   81.03599402   82.63321726   83.2502969
   82.69820324   86.92078363   84.19127703   85.37772678   86.51159018
   86.12689265   82.32788294   81.48654414   80.74108305   83.15438776
   83.64446904   85.61998473   82.66207415   76.86892515   80.79873272
   80.90975936   88.21621823   86.89087101   88.14835249   83.35999602
   85.68284348   83.44906587   83.65511262   88.32315813   84.12125613
   86.21966163   86.93751319   84.28153932   79.3113737    84.44849
   89.95367043   83.30792309   85.588415     83.65483162   83.30247082
   83.77416289   80.98730504   83.2194428    82.46636252   80.92929665
   78.64791328   87.280314     84.99791313   87.25767086   83.40563225
   83.50412185   85.90780459   87.63393293   80.76051767   85.50951739
   87.43648234   81.4751188    80.21829925   87.34950631   82.26797385
   84.64598607   87.03452024   82.49097202   86.32325944   84.79191776
   77.47786274   82.33567673   87.42993419   84.92125786   83.18743954
   85.8316632    86.41101295   81.3071524    78.11060414   82.91622482
   80.8831922    85.38275507   82.94017544   85.14742392   88.13776598
   83.31913557   82.43655764   82.56271298   82.71406954   85.75715846
   86.33487752   80.96201313   83.51912652   81.39243489   86.16192043
   86.95053872   86.50810127   83.00726427   83.3468119    84.67157983
   84.01853287   83.02492137   81.26868639   82.07826478   83.27014498
   83.29799178   83.37263005   79.33308219   82.32411872   82.32462392
   84.38808891   89.21435125   87.21268169   83.80037525   85.20200272
   77.79938379   85.93405556   77.28825493   88.63284436   87.34209638
   80.26071321   82.9373882    79.65720455   86.09540744   83.05651052
   79.90946175   85.63157282   79.41762644   85.45141028   80.8076245
   88.49415302   86.19684089   79.68057271   85.97143753   84.58029165
   84.83436426   85.99703537   86.28521475   86.82858961   85.69288472
   85.2363694    80.41421727   82.66556737   86.3502073    86.29877862
   81.9614566    79.99586781   84.06299136   87.16851919   86.43336061]


[[  -0.25871629    3.92938554   11.78175957   10.30960179   -0.87770568
     4.0428405    14.99058358   18.45106775   -4.73441109  -57.63699674
    23.23794285   42.89984912    0.76942784  -18.33402317   33.84468638
   103.14467164    1.1096477 ]
 [   0.20254768    5.07688387   27.92568074   37.68313023   -0.23352337
   -23.62375805   45.53306176   66.80492087   -0.8696476   -48.79092653
    50.47344533   91.94665561    3.55303223   13.58615017   45.58344785
    99.09951092    1.11420251]
 [  -0.58443242    0.70547251    7.45806986   10.85162906   -0.97685693
    -3.6685132    11.61393252   25.81546087   -0.90784292  -61.06507232
   -18.243434     49.48163505    2.26202527    2.19294335   23.86835971
    98.72374602    1.11094128]
 [   4.93371291   14.77854813   17.0879582    12.62278756    5.60420653
    22.03587296   39.54934585   33.62013675  -25.13495037  -30.61247033
    66.91818934   62.38303259   15.64516747   42.0038327    88.260304
    98.91425251    1.11389241]]
[3 3 1 1 3 3 1 1 1 3 3 1 3 3 3 0 1]
[-252.96126762 -115.91174933  -68.04709294  -10.85349784   -2.1826012
   -2.63527281   17.23532853   40.18616248   45.0958432    41.71648402
   42.04976957   43.56507139   40.5394778    41.38592635   60.61956482
   57.40852392   56.34763358   58.13866211   67.63187133   54.18813191
   64.9389491    57.77664021   57.85956652   61.35236206   67.66254281
   61.02601115   62.72517376   60.50796927   63.78134454   61.29078108
   70.41043897   55.77468371   65.93849271   66.55613358   67.86000438
   68.01672767   71.73954836   70.094972     68.940874     69.89977892
   66.85338273   71.89029485   71.13514192   62.84026312   78.49976787
   77.54033898   74.8970996    73.33709576   76.1539669    74.39349628
   67.37443557   72.22267569   66.38325839   70.07532355   66.40541867
   63.42541519   75.06072172   75.37820936   77.51582028   73.53008645
   67.24326158   71.56654739   75.88859865   71.26002317   77.64777489
   72.33209566   73.35585144   73.24895276   66.01696849   67.51378985
   72.7656134    63.33919101   69.71116207   75.75220435   77.7673049
   67.30032186   77.38059562   71.35286361   76.79000192   69.1780559
   68.66276291   80.83656881   75.14423659   69.13978117   77.59006923
   68.2711247    76.25102766   73.57363262   68.75074292   74.03668214
   75.69219356   70.96459254   70.23643892   69.9086675    68.57908275
   65.70458761   75.4428458    69.73350487   71.60430501   70.97085485
   75.54452784   65.98448648   75.27843134   69.69999003   75.84623841
   69.50516952   61.87627408   62.17292935   70.39227336   74.66478214
   67.27223475   66.3884425    70.43962308   75.02731127   77.25916225
   71.87851695   72.35211377   72.60097336   70.42527324   72.87092138
   73.38726426   82.16675586   70.49130368   72.81788103   75.77165369
   71.22909475   76.34988504   74.42951407   73.86584245   72.27044953
   71.48558428   69.22681113   65.77714202   74.52890917   79.90978858
   69.60826242   71.01193946   61.70561719   71.08872081   72.86433188
   77.38455305   79.8957631    70.11486784   73.20921682   67.25121156
   71.53073181   71.71879837   70.68461207   72.43534695   77.16787471
   73.90528267   75.08343319   74.57084873   71.32982647   71.41669951
   77.70347651   69.9695931    81.79637364   69.68978626   74.98776861
   71.28976521   72.66524815   74.63187531   66.4357184    74.77534981
   73.39200518   75.93893095   70.65650091   74.26264507   71.07276112
   69.13990058   79.90308906   76.6258676    74.66192303   74.4924623
   75.87352069   75.7917177    70.03025144   67.7886309    74.16342166
   75.22338736   69.23244675   77.18204023   69.779183     79.24456067
   68.20578519   74.14815299   74.06405301   74.94519149   71.96645111
   69.52351572   68.40368683   69.0146562    76.80461085   69.50328826
   64.34001977   73.78095792   74.10877481   76.58801572   74.18595902]


[[  2.81378018e-01   5.33227221e+00   1.47453781e+01   1.74659627e+01
    2.00711485e-01   5.45422380e+00   1.86978786e+01   2.57517902e+01
   -3.91373895e+00  -5.81059833e+01   2.81195963e+01   5.15245275e+01
    2.26978183e+00  -2.11736899e+01   4.51207068e+01   1.03011171e+02
    1.27109579e+00]
 [  1.14602913e+00   8.34920872e+00   3.06575810e+01   4.28131325e+01
    1.10970125e-01  -2.54814807e+01   4.84953709e+01   7.18259600e+01
    2.45582078e+00  -4.52190140e+01   5.59141344e+01   9.33222737e+01
    6.56313169e+00   2.10597708e+01   5.80163581e+01   1.02085796e+02
    1.27388725e+00]
 [  2.97290036e-02   1.55416156e+00   8.78081344e+00   1.59896199e+01
    2.39349470e-01  -2.29072088e+00   1.49074887e+01   3.44202897e+01
   -4.11163936e-01  -6.40128039e+01  -1.92747564e+01   5.55782453e+01
    5.47598535e+00   4.45166010e+00   3.35073388e+01   1.02444547e+02
    1.27127244e+00]
 [  5.49238941e+00   1.53671324e+01   2.18015242e+01   2.04698454e+01
    8.15775625e+00   2.50212199e+01   4.59564527e+01   4.53135239e+01
   -2.89816487e+01  -2.69547468e+01   7.13538324e+01   7.39042733e+01
    2.18727572e+01   5.10640538e+01   8.98217417e+01   1.02137876e+02
    1.27223396e+00]]
[3 3 1 1 3 3 1 1 1 3 3 1 3 3 3 0 1]
[ -3.00191716e+02  -1.73319682e+02  -1.00092627e+02  -4.87705256e+01
   2.17838036e+00  -1.51632614e+00   5.59305907e+00   1.06508432e+01
   2.03260451e-01   1.75335870e+01   1.66358028e+01   2.59044440e+01
   3.93351231e+01   2.66891203e+01   3.26165185e+01   2.46924418e+01
   4.18914687e+01   2.88286710e+01   4.39257231e+01   5.84816661e+01
   3.82569599e+01   4.36241601e+01   4.54799155e+01   4.42558878e+01
   5.11453855e+01   4.80654634e+01   5.48595694e+01   4.33626855e+01
   4.14996731e+01   4.14279539e+01   6.46516701e+01   4.79746170e+01
   4.62924820e+01   4.27051085e+01   5.09573934e+01   2.87927696e+01
   4.70631771e+01   4.71723216e+01   3.89648833e+01   4.56744803e+01
   5.56143734e+01   3.67843456e+01   5.07822009e+01   4.65261273e+01
   4.97915608e+01   5.93506259e+01   5.04360185e+01   4.82876013e+01
   5.51065830e+01   5.48625385e+01   5.67934243e+01   5.97041049e+01
   5.54293059e+01   5.70749243e+01   5.54052652e+01   4.60426438e+01
   5.82559139e+01   5.40301944e+01   5.58982496e+01   5.11957912e+01
   3.95872259e+01   6.30175719e+01   5.58608932e+01   6.77211058e+01
   4.79681439e+01   4.77457583e+01   4.97520217e+01   5.77718463e+01
   4.57275345e+01   5.05717019e+01   5.08464228e+01   5.99223835e+01
   5.76021030e+01   5.97802300e+01   5.69698083e+01   5.06872170e+01
   5.54327596e+01   6.53318938e+01   6.13748570e+01   5.98050285e+01
   5.48992623e+01   5.74516867e+01   4.86024290e+01   5.40688791e+01
   4.73592157e+01   4.63938639e+01   5.25038781e+01   5.77276720e+01
   6.00236301e+01   5.44275192e+01   4.46490376e+01   5.18343507e+01
   5.80246557e+01   5.35498759e+01   6.60008535e+01   6.13550401e+01
   5.12923042e+01   5.55396512e+01   5.53092822e+01   4.56275676e+01
   4.20375360e+01   5.49368734e+01   4.64129619e+01   4.93752372e+01
   6.35792182e+01   5.24150509e+01   5.34744994e+01   5.31893671e+01
   5.38188532e+01   5.47917507e+01   5.83192561e+01   5.19646656e+01
   6.05315699e+01   5.48276658e+01   4.98836593e+01   4.77810015e+01
   5.32826686e+01   4.64496991e+01   5.93075169e+01   4.91319853e+01
   4.45136596e+01   5.02454025e+01   6.43215014e+01   6.29361838e+01
   6.65645407e+01   4.96745280e+01   6.16561726e+01   4.75906341e+01
   5.52887775e+01   6.15738731e+01   5.20142217e+01   5.73219408e+01
   5.38705087e+01   5.43885535e+01   4.84952980e+01   3.97902224e+01
   5.50183011e+01   5.68398075e+01   3.92791933e+01   5.60277622e+01
   5.91820483e+01   5.00642523e+01   4.53561151e+01   4.94997821e+01
   4.99351767e+01   5.02718375e+01   6.32800212e+01   5.77725030e+01
   5.93920263e+01   5.02636065e+01   4.79789148e+01   6.39943437e+01
   5.52524313e+01   5.76927734e+01   5.71596294e+01   6.13704469e+01
   6.02640859e+01   5.20290207e+01   5.20477141e+01   5.60272976e+01
   6.35844309e+01   6.22157539e+01   4.68319447e+01   6.23527094e+01
   5.32860398e+01   5.31988579e+01   6.10664238e+01   6.41107709e+01
   4.68031431e+01   5.17093804e+01   5.21216197e+01   4.00691083e+01
   4.98835188e+01   5.58872007e+01   4.96058570e+01   4.82333661e+01
   4.76648182e+01   5.44643076e+01   5.20608244e+01   5.04075352e+01
   5.67406595e+01   5.04261786e+01   5.57808481e+01   5.21874858e+01
   5.57821598e+01   4.79706264e+01   5.11256467e+01   4.90966113e+01
   5.36232321e+01   5.73296014e+01   5.85256095e+01   5.84903350e+01
   5.25868792e+01   5.97777910e+01   6.14732097e+01   5.03305772e+01
   5.54543674e+01   6.20776764e+01   5.08787575e+01   5.76710598e+01]